100,0.000019
200,0.000015
300,0.000047
400,0.000079
500,0.000101
600,0.000185
700,0.000225
800,0.000277
900,0.000292
1000,0.000412
1100,0.000439
1200,0.000555
1300,0.000652
1400,0.000725
1500,0.000819
1600,0.001309
1700,0.001028
1800,0.001128
1900,0.001406
2000,0.001425
2100,0.001543
2200,0.001661
2300,0.001820
2400,0.002155
2500,0.002121
2600,0.002472
2700,0.002644
2800,0.002946
2900,0.002822
3000,0.003121
3100,0.003388
3200,0.003555
3300,0.003870
3400,0.003877
3500,0.004174
3600,0.004304
3700,0.005193
3800,0.004871
3900,0.005123
4000,0.005457
4100,0.005647
4200,0.005991
4300,0.006134
4400,0.007062
4500,0.006946
4600,0.007604
4700,0.007596
4800,0.007761
4900,0.008288
5000,0.008691
5100,0.013392
5200,0.013527
5300,0.009871
5400,0.012249
5500,0.010467
5600,0.010544
5700,0.011808
5800,0.011740
5900,0.011753
6000,0.011930
6100,0.012803
6200,0.014139
6300,0.014410
6400,0.014880
6500,0.015300
6600,0.015301
6700,0.015262
6800,0.016195
6900,0.016595
7000,0.018891
7100,0.018029
7200,0.018525
7300,0.018799
7400,0.019184
7500,0.019022
7600,0.020129
7700,0.021587
7800,0.021319
7900,0.021958
8000,0.022141
8100,0.023581
8200,0.024770
8300,0.025716
8400,0.025353
8500,0.025894
8600,0.025474
8700,0.028686
8800,0.026540
8900,0.028792
9000,0.030265
9100,0.030478
9200,0.030237
9300,0.031899
9400,0.032198
9500,0.032664
9600,0.033164
9700,0.032393
9800,0.034177
9900,0.034085
10000,0.034159
10100,0.035533
10200,0.036960
10300,0.037116
10400,0.037794
10500,0.038180
10600,0.040595
10700,0.040183
10800,0.040961
10900,0.042175
11000,0.043577
11100,0.042109
11200,0.043999
11300,0.044349
11400,0.045352
11500,0.046012
11600,0.047861
11700,0.047787
11800,0.048559
11900,0.051819
12000,0.051100
12100,0.050271
12200,0.051839
12300,0.052524
12400,0.053263
12500,0.054563
12600,0.055218
12700,0.055543
12800,0.057046
12900,0.057871
13000,0.059556
13100,0.059553
13200,0.059409
13300,0.062169
13400,0.062068
13500,0.064060
13600,0.064618
13700,0.065781
13800,0.068783
13900,0.068597
14000,0.070948
14100,0.069868
14200,0.074648
14300,0.071668
14400,0.075181
14500,0.074530
14600,0.078979
14700,0.076747
14800,0.080599
14900,0.078383
15000,0.077471
15100,0.096590
15200,0.088972
15300,0.084501
15400,0.083172
15500,0.084190
15600,0.102802
15700,0.105714
15800,0.085818
15900,0.086152
16000,0.088526
16100,0.092779
16200,0.090673
16300,0.092137
16400,0.104834
16500,0.122854
16600,0.099332
16700,0.097302
16800,0.095319
16900,0.100721
17000,0.098161
17100,0.098478
17200,0.100801
17300,0.100954
17400,0.105974
17500,0.112807
17600,0.107214
17700,0.113359
17800,0.110615
17900,0.110203
18000,0.133470
18100,0.119486
18200,0.115785
18300,0.125336
18400,0.120346
18500,0.124136
18600,0.118149
18700,0.121004
18800,0.119847
18900,0.122011
19000,0.123463
19100,0.124901
19200,0.125746
19300,0.127724
19400,0.129308
19500,0.142573
19600,0.167279
19700,0.135936
19800,0.140214
19900,0.139610
20000,0.135305
20100,0.141414
20200,0.138654
20300,0.153621
20400,0.158647
20500,0.153262
20600,0.148826
20700,0.167281
20800,0.158867
20900,0.164758
21000,0.159743
21100,0.151954
21200,0.154501
21300,0.154910
21400,0.157993
21500,0.158696
21600,0.160644
21700,0.161291
21800,0.161501
21900,0.167544
22000,0.165832
22100,0.164156
22200,0.170474
22300,0.174659
22400,0.172950
22500,0.174445
22600,0.175237
22700,0.177878
22800,0.177565
22900,0.183273
23000,0.180265
23100,0.181192
23200,0.183631
23300,0.185102
23400,0.192018
23500,0.185646
23600,0.191058
23700,0.189947
23800,0.192054
23900,0.196343
24000,0.197269
24100,0.197347
24200,0.203599
24300,0.200064
24400,0.202831
24500,0.205735
24600,0.208210
24700,0.208633
24800,0.211063
24900,0.224302
25000,0.214062
25100,0.213700
25200,0.227661
25300,0.223163
25400,0.222865
25500,0.239929
25600,0.232242
25700,0.230405
25800,0.227536
25900,0.228660
26000,0.251534
26100,0.244741
26200,0.241667
26300,0.236020
26400,0.234225
26500,0.237831
26600,0.245916
26700,0.247978
26800,0.241811
26900,0.254767
27000,0.247543
27100,0.249848
27200,0.249237
27300,0.249400
27400,0.250795
27500,0.258295
27600,0.256020
27700,0.263305
27800,0.268772
27900,0.271416
28000,0.271109
28100,0.266151
28200,0.267186
28300,0.346378
28400,0.269841
28500,0.275073
28600,0.274030
28700,0.280857
28800,0.279138
28900,0.279665
29000,0.282752
29100,0.284781
29200,0.285294
29300,0.289438
29400,0.289574
29500,0.289379
29600,0.294006
29700,0.295124
29800,0.298105
29900,0.299806
30000,0.301349
30100,0.304772
30200,0.306586
30300,0.308301
30400,0.308978
30500,0.319717
30600,0.313549
30700,0.317295
30800,0.316623
30900,0.324017
31000,0.326584
31100,0.335859
31200,0.328906
31300,0.350957
31400,0.332151
31500,0.348048
31600,0.334333
31700,0.421885
31800,0.346731
31900,0.344349
32000,0.345896
32100,0.369468
32200,0.362071
32300,0.350857
32400,0.354904
32500,0.354671
32600,0.358701
32700,0.359779
32800,0.362101
32900,0.365062
33000,0.366057
33100,0.366258
33200,0.368840
33300,0.371085
33400,0.374227
33500,0.376005
33600,0.380524
33700,0.382383
33800,0.383888
33900,0.393054
34000,0.386698
34100,0.390774
34200,0.390505
34300,0.397848
34400,0.396374
34500,0.398033
34600,0.402415
34700,0.402460
34800,0.407804
34900,0.406828
35000,0.413646
35100,0.415307
35200,0.415765
35300,0.437557
35400,0.424045
35500,0.423449
35600,0.426070
35700,0.430358
35800,0.441856
35900,0.438791
36000,0.433718
36100,0.435540
36200,0.438614
36300,0.447326
36400,0.444628
36500,0.445348
36600,0.467727
36700,0.450074
36800,0.455406
36900,0.462157
37000,0.462909
37100,0.462995
37200,0.462470
37300,0.469590
37400,0.468110
37500,0.473036
37600,0.472993
37700,0.481108
37800,0.480765
37900,0.480861
38000,0.484058
38100,0.485927
38200,0.489613
38300,0.492220
38400,0.504327
38500,0.499453
38600,0.503905
38700,0.505347
38800,0.502131
38900,0.508033
39000,0.513373
39100,0.511379
39200,0.514190
39300,0.517654
39400,0.521706
39500,0.525713
39600,0.526182
39700,0.527711
39800,0.530763
39900,0.533654
40000,0.538810
40100,0.539763
40200,0.541080
40300,0.556502
40400,0.563602
40500,0.557732
40600,0.622392
40700,0.570328
40800,0.565186
40900,0.563237
41000,0.582742
41100,0.588130
41200,0.568126
41300,0.599957
41400,0.576131
41500,0.577969
41600,0.578956
41700,0.581626
41800,0.581238
41900,0.588044
42000,0.715421
42100,0.597401
42200,0.602719
42300,0.601619
42400,0.613559
42500,0.603133
42600,0.608665
42700,0.610259
42800,0.614094
42900,0.613164
43000,0.614839
43100,0.621130
43200,0.622729
43300,0.625720
43400,0.629584
43500,0.633126
43600,0.637160
43700,0.644735
43800,0.638933
43900,0.644713
44000,0.647996
44100,0.652075
44200,0.650721
44300,0.660350
44400,0.658873
44500,0.665700
44600,0.665664
44700,0.664356
44800,0.668506
44900,0.674798
45000,0.676342
45100,0.682855
45200,0.682475
45300,0.686351
45400,0.690221
45500,0.693028
45600,0.694615
45700,0.699805
45800,0.700729
45900,0.706316
46000,0.710808
46100,0.708375
46200,0.714190
46300,0.721056
46400,0.720621
46500,0.725476
46600,0.732848
46700,0.728858
46800,0.734787
46900,0.741130
47000,0.739889
47100,0.743086
47200,0.749508
47300,0.750177
47400,0.751376
47500,0.753988
47600,0.756383
47700,0.763770
47800,0.772501
47900,0.781917
48000,0.772109
48100,0.774619
48200,0.775419
48300,0.780951
48400,0.788566
48500,0.787870
48600,0.797243
48700,0.795334
48800,0.798141
48900,0.797120
49000,0.804168
49100,0.807589
49200,0.807738
49300,0.808781
49400,0.817303
49500,0.815983
49600,0.823313
49700,0.824401
49800,0.827637
49900,0.832840
50000,0.840784
50100,0.843513
50200,0.842099
50300,0.850619
50400,0.847404
50500,0.857461
50600,0.858938
50700,0.860237
50800,0.865723
50900,0.880108
51000,0.871525
51100,0.872425
51200,0.882120
51300,0.881359
51400,0.883289
51500,0.889198
51600,0.892394
51700,0.899047
51800,0.909327
51900,0.909603
52000,0.918945
52100,0.910472
52200,0.931436
52300,0.918680
52400,0.923774
52500,0.933713
52600,0.925799
52700,0.932743
52800,0.933098
52900,0.939638
53000,0.939450
53100,0.940115
53200,0.948337
53300,0.949025
53400,0.952771
53500,0.955292
53600,0.975047
53700,0.965587
53800,0.964305
53900,0.969776
54000,0.973337
54100,0.979779
54200,0.982766
54300,0.984060
54400,0.989584
54500,0.993798
54600,1.005386
54700,1.001529
54800,1.007051
54900,1.010419
55000,1.011467
55100,1.016977
55200,1.016745
55300,1.023065
55400,1.179971
55500,1.065609
55600,1.065848
55700,1.090422
55800,1.048503
55900,1.057120
56000,1.051949
56100,1.065735
56200,1.058887
56300,1.063876
56400,1.065644
56500,1.074081
56600,1.069729
56700,1.075655
56800,1.083285
56900,1.082308
57000,1.086537
57100,1.092489
57200,1.096226
57300,1.096475
57400,1.101452
57500,1.109598
57600,1.106229
57700,1.118738
57800,1.118430
57900,1.117941
58000,1.124263
58100,1.132990
58200,1.129573
58300,1.141602
58400,1.141224
58500,1.148711
58600,1.147231
58700,1.156199
58800,1.205698
58900,1.167529
59000,1.172306
59100,1.178119
59200,1.172497
59300,1.177005
59400,1.186621
59500,1.194584
59600,1.191079
59700,1.196889
59800,1.199623
59900,1.197526
60000,1.206719
60100,1.207774
60200,1.209002
60300,1.220183
60400,1.229747
60500,1.224067
60600,1.227889
60700,1.230905
60800,1.243064
60900,1.238385
61000,1.241141
61100,1.249238
61200,1.252047
61300,1.269147
61400,1.327402
61500,1.322682
61600,1.284945
61700,1.278652
61800,1.282657
61900,1.287763
62000,1.286893
62100,1.295862
62200,1.294241
62300,1.312740
62400,1.303379
62500,1.306167
62600,1.310784
62700,1.313403
62800,1.319145
62900,1.327995
63000,1.330493
63100,1.340295
63200,1.338798
63300,1.338499
63400,1.343700
63500,1.349477
63600,1.353856
63700,1.355311
63800,1.363971
63900,1.366301
64000,1.382311
64100,1.381456
64200,1.387964
64300,1.381799
64400,1.387219
64500,1.399229
64600,1.395430
64700,1.403703
64800,1.404052
64900,1.408918
65000,1.410534
65100,1.425485
65200,1.427536
65300,1.422271
65400,1.426157
65500,1.432008
65600,1.439638
65700,1.442421
65800,1.442389
65900,1.453583
66000,1.463365
66100,1.460729
66200,1.462245
66300,1.496891
66400,1.482763
66500,1.490659
66600,1.482081
66700,1.484206
66800,1.500798
66900,1.504824
67000,1.511292
67100,1.503787
67200,1.524924
67300,1.517917
67400,1.517937
67500,1.519244
67600,1.531240
67700,1.531800
67800,1.532315
67900,1.543962
68000,1.542398
68100,1.549194
68200,1.555711
68300,1.558977
68400,1.566032
68500,1.575243
68600,1.576687
68700,1.579818
68800,1.584986
68900,1.587092
69000,1.584779
69100,1.598375
69200,1.596593
69300,1.611888
69400,1.608637
69500,1.613889
69600,1.619590
69700,1.628432
69800,1.632781
69900,1.675851
70000,1.635101
70100,1.641670
70200,1.644314
70300,1.657680
70400,1.668870
70500,1.827486
70600,1.702517
70700,1.721793
70800,1.673026
70900,1.685487
71000,1.690199
71100,1.705620
71200,1.732668
71300,1.706408
71400,1.710591
71500,1.715168
71600,1.713716
71700,1.723532
71800,1.719880
71900,1.724339
72000,1.736931
72100,1.731360
72200,1.741239
72300,1.746287
72400,1.746661
72500,1.770689
72600,1.771966
72700,1.770891
72800,1.769884
72900,1.771997
73000,1.782812
73100,1.785250
73200,1.792486
73300,1.805456
73400,1.797121
73500,1.807712
73600,1.811613
73700,1.818924
73800,1.828224
73900,1.831840
74000,1.828625
74100,1.840707
74200,1.846295
74300,1.853526
74400,1.860054
74500,1.858097
74600,1.863984
74700,1.864417
74800,1.868863
74900,1.870935
75000,1.894752
75100,1.896060
75200,1.890928
75300,1.895477
75400,1.906142
75500,1.905907
75600,1.911254
75700,1.913472
75800,1.919337
75900,1.925939
76000,1.972133
76100,1.935837
76200,1.943577
76300,1.953500
76400,1.949450
76500,1.959665
76600,1.962096
76700,1.969465
76800,1.971643
76900,1.984000
77000,1.980549
77100,1.982930
77200,1.990007
77300,1.999003
77400,2.003630
77500,2.010299
77600,2.009086
77700,2.027330
77800,2.047161
77900,2.083915
78000,2.061573
78100,2.070584
78200,2.054704
78300,2.070892
78400,2.086438
78500,2.220777
78600,2.144610
78700,2.175856
78800,2.185482
78900,2.106095
79000,2.087721
79100,2.091395
79200,2.104089
79300,2.099615
79400,2.100914
79500,2.108530
79600,2.137050
79700,2.138787
79800,2.133901
79900,2.132322
80000,2.140118
80100,2.148132
80200,2.158296
80300,2.168934
80400,2.161176
80500,2.158778
80600,2.161822
80700,2.171148
80800,2.177488
80900,2.188150
81000,2.189955
81100,2.193635
81200,2.227463
81300,2.219489
81400,2.228579
81500,2.219541
81600,2.221063
81700,2.238180
81800,2.233947
81900,2.241493
82000,2.259733
82100,2.369736
82200,2.274054
82300,2.263164
82400,2.267491
82500,2.267447
82600,2.397653
82700,2.385368
82800,2.298006
82900,2.308177
83000,2.313198
83100,2.314967
83200,2.310005
83300,2.318378
83400,2.324959
83500,2.329388
83600,2.331072
83700,2.345978
83800,2.351588
83900,2.350085
84000,2.356973
84100,2.371913
84200,2.371343
84300,2.370772
84400,2.379307
84500,2.380629
84600,2.386579
84700,2.399047
84800,2.393842
84900,2.408534
85000,2.411412
85100,2.416474
85200,2.421715
85300,2.424141
85400,2.447854
85500,2.448778
85600,2.439644
85700,2.452586
85800,2.457651
85900,2.458030
86000,2.484583
86100,2.487767
86200,2.478045
86300,2.496350
86400,2.495171
86500,2.503917
86600,2.502715
86700,2.507929
86800,2.516391
86900,2.517055
87000,2.522692
87100,2.535335
87200,2.542448
87300,2.653740
87400,2.669482
87500,2.763105
87600,2.601015
87700,2.601703
87800,2.588579
87900,2.603167
88000,3.316854
88100,2.619722
88200,2.616738
88300,2.612986
88400,2.610203
88500,2.631643
88600,2.634796
88700,2.625062
88800,2.649772
88900,2.655523
89000,2.642200
89100,2.647484
89200,2.653341
89300,2.667211
89400,2.669236
89500,2.672816
89600,2.679762
89700,2.686064
89800,2.695263
89900,2.706442
90000,2.704785
90100,2.726523
90200,2.716022
90300,2.731377
90400,2.725729
90500,2.732442
90600,2.740731
90700,2.745912
90800,2.751387
90900,2.757416
91000,2.766973
91100,2.768171
91200,2.775000
91300,2.797518
91400,2.794079
91500,2.795453
91600,2.802535
91700,2.801389
91800,2.812892
91900,2.816105
92000,2.838151
92100,2.855074
92200,2.836473
92300,2.841897
92400,2.849533
92500,2.851278
92600,2.856624
92700,2.890988
92800,2.887788
92900,2.879333
93000,2.882984
93100,2.889390
93200,2.900892
93300,2.905956
93400,2.910223
93500,2.918145
93600,2.921957
93700,2.963526
93800,2.978417
93900,2.979395
94000,2.954879
94100,2.974602
94200,2.973254
94300,3.077512
94400,3.051735
94500,3.076101
94600,2.999659
94700,3.027038
94800,3.017152
94900,3.053462
95000,3.064843
95100,3.022833
95200,3.025260
95300,3.106107
95400,3.081972
95500,3.049093
95600,3.058911
95700,3.050020
95800,3.065760
95900,3.070137
96000,3.087611
96100,3.098167
96200,3.091929
96300,3.096324
96400,3.106985
96500,3.105916
96600,3.111611
96700,3.119711
96800,3.121594
96900,3.177047
97000,3.138942
97100,3.155002
97200,3.152199
97300,3.172425
97400,3.176584
97500,3.188175
97600,3.239132
97700,3.183305
97800,3.193255
97900,3.210817
98000,3.242598
98100,3.234703
98200,3.232807
98300,3.225319
98400,3.233121
98500,3.237286
98600,3.248580
98700,3.244387
98800,3.260632
98900,3.265629
99000,3.268186
99100,3.280183
99200,3.300953
99300,3.289270
99400,3.290964
99500,3.301192
99600,3.309589
99700,3.306872
99800,3.330946
99900,3.329720
100000,3.340996
