100,0.000025
200,0.000057
300,0.000138
400,0.000214
500,0.000306
600,0.000439
700,0.000570
800,0.000724
900,0.000884
1000,0.001107
1100,0.001369
1200,0.001526
1300,0.001816
1400,0.002150
1500,0.002454
1600,0.002685
1700,0.003373
1800,0.003440
1900,0.003848
2000,0.004388
2100,0.004792
2200,0.005254
2300,0.005491
2400,0.006061
2500,0.006862
2600,0.007507
2700,0.007983
2800,0.008934
2900,0.008945
3000,0.009643
3100,0.010824
3200,0.011036
3300,0.011993
3400,0.012400
3500,0.013240
3600,0.013866
3700,0.014949
3800,0.019606
3900,0.018503
4000,0.017498
4100,0.018192
4200,0.018783
4300,0.019940
4400,0.021003
4500,0.021577
4600,0.022632
4700,0.023984
4800,0.024397
4900,0.026904
5000,0.026973
5100,0.029556
5200,0.029836
5300,0.030685
5400,0.031860
5500,0.032472
5600,0.034941
5700,0.034461
5800,0.036636
5900,0.038439
6000,0.038749
6100,0.039723
6200,0.041244
6300,0.042784
6400,0.044407
6500,0.045581
6600,0.046489
6700,0.049614
6800,0.049464
6900,0.053041
7000,0.053439
7100,0.054646
7200,0.055342
7300,0.057260
7400,0.059168
7500,0.060432
7600,0.062670
7700,0.063722
7800,0.064908
7900,0.065909
8000,0.070852
8100,0.070824
8200,0.072633
8300,0.078371
8400,0.079479
8500,0.080701
8600,0.080254
8700,0.082955
8800,0.086889
8900,0.086644
9000,0.089379
9100,0.090635
9200,0.129630
9300,0.102923
9400,0.095123
9500,0.097742
9600,0.106670
9700,0.107046
9800,0.106049
9900,0.109535
10000,0.110985
10100,0.108615
10200,0.111441
10300,0.115907
10400,0.122393
10500,0.117822
10600,0.121358
10700,0.122683
10800,0.126467
10900,0.142511
11000,0.129491
11100,0.139579
11200,0.135101
11300,0.136536
11400,0.140788
11500,0.141261
11600,0.144328
11700,0.146545
11800,0.156152
11900,0.158874
12000,0.157531
12100,0.163865
12200,0.159872
12300,0.161266
12400,0.162676
12500,0.165973
12600,0.167848
12700,0.170591
12800,0.175617
12900,0.181297
13000,0.180300
13100,0.183744
13200,0.185169
13300,0.186792
13400,0.189386
13500,0.195571
13600,0.195869
13700,0.199998
13800,0.200912
13900,0.207458
14000,0.208723
14100,0.209218
14200,0.214708
14300,0.218593
14400,0.222956
14500,0.222991
14600,0.225375
14700,0.229603
14800,0.230490
14900,0.234233
15000,0.238025
15100,0.240832
15200,0.243082
15300,0.248489
15400,0.250577
15500,0.253790
15600,0.260101
15700,0.259911
15800,0.266148
15900,0.265658
16000,0.271525
16100,0.273196
16200,0.281832
16300,0.279198
16400,0.284261
16500,0.287721
16600,0.290949
16700,0.293382
16800,0.296305
16900,0.300161
17000,0.305865
17100,0.306881
17200,0.312528
17300,0.313284
17400,0.319518
17500,0.322479
17600,0.325889
17700,0.330392
17800,0.342410
17900,0.337680
18000,0.348822
18100,0.343252
18200,0.351151
18300,0.351237
18400,0.356490
18500,0.358782
18600,0.369249
18700,0.371303
18800,0.374714
18900,0.373477
19000,0.387161
19100,0.382874
19200,0.393457
19300,0.405257
19400,0.401064
19500,0.410656
19600,0.414433
19700,0.410692
19800,0.459226
19900,0.440774
20000,0.452603
20100,0.441845
20200,0.435225
20300,0.461047
20400,0.447595
20500,0.448267
20600,0.515026
20700,0.456487
20800,0.464017
20900,0.460942
21000,0.482425
21100,0.514446
21200,0.593580
21300,0.519789
21400,0.514577
21500,0.495629
21600,0.498536
21700,0.502125
21800,0.649226
21900,0.539796
22000,0.531168
22100,0.523725
22200,0.531119
22300,0.556126
22400,0.540937
22500,0.555283
22600,0.592735
22700,0.561795
22800,0.622377
22900,0.561188
23000,0.582516
23100,0.560505
23200,0.568030
23300,0.661774
23400,0.575734
23500,0.590766
23600,0.613085
23700,0.599121
23800,0.617444
23900,0.628670
24000,0.635503
24100,0.634280
24200,0.619899
24300,0.669189
24400,0.714395
24500,0.683805
24600,0.733760
24700,0.706356
24800,0.675977
24900,0.656336
25000,0.662239
25100,1.007813
25200,0.865287
25300,1.005154
25400,0.675595
25500,0.682523
25600,0.694972
25700,0.693874
25800,0.699035
25900,0.714752
26000,0.712932
26100,0.712314
26200,0.717795
26300,0.724382
26400,0.729508
26500,0.732405
26600,0.743637
26700,0.750862
26800,0.751215
26900,0.756586
27000,0.761672
27100,0.770719
27200,0.772580
27300,0.779564
27400,0.784876
27500,0.790247
27600,0.796339
27700,0.802149
27800,0.806550
27900,0.814534
28000,0.819957
28100,0.824909
28200,0.829836
28300,0.837714
28400,0.842069
28500,0.847724
28600,0.854708
28700,0.860252
28800,0.868443
28900,0.871077
29000,0.878142
29100,0.888471
29200,0.889562
29300,0.897190
29400,0.903910
29500,0.908871
29600,0.919647
29700,1.027159
29800,1.039239
29900,1.022479
30000,1.145106
30100,1.044609
30200,1.052024
30300,1.062359
30400,1.109810
30500,1.132227
30600,1.160128
30700,1.266918
30800,1.178683
30900,1.216873
31000,1.219084
31100,1.187691
31200,1.124197
31300,1.236187
31400,1.235340
31500,1.351667
31600,1.333991
31700,1.200125
31800,1.093208
31900,1.111433
32000,1.113123
32100,1.089139
32200,1.114748
32300,1.106518
32400,1.115245
32500,1.134212
32600,1.145904
32700,1.149995
32800,1.158619
32900,1.165154
33000,1.261664
33100,1.190231
33200,1.170079
33300,1.171005
33400,1.185410
33500,1.178464
33600,1.178963
33700,1.186823
33800,1.189618
33900,1.206702
34000,1.210887
34100,1.238827
34200,1.292470
34300,1.746534
34400,1.528181
34500,1.267145
34600,1.286529
34700,1.291359
34800,1.287635
34900,1.290017
35000,1.291150
35100,1.316629
35200,1.324143
35300,1.315227
35400,1.315176
35500,1.321967
35600,1.330610
35700,1.338955
35800,1.381389
35900,1.397296
36000,1.593090
36100,1.565140
36200,1.446943
36300,1.521247
36400,1.590668
36500,1.568363
36600,1.519565
36700,1.661677
36800,1.694763
36900,1.728588
37000,1.594638
37100,1.677545
37200,1.539738
37300,1.459669
37400,1.461572
37500,1.479043
37600,1.490771
37700,1.591348
37800,1.518791
37900,1.514761
38000,1.892172
38100,1.569931
38200,1.656872
38300,1.696131
38400,1.683044
38500,1.967161
38600,1.936737
38700,1.647795
38800,1.628891
38900,1.626367
39000,1.591667
39100,1.600900
39200,1.617867
39300,1.613359
39400,1.626917
39500,1.639669
39600,1.648336
39700,1.646194
39800,1.661383
39900,1.667107
40000,1.671780
40100,1.677905
40200,1.688788
40300,1.692139
40400,1.709465
40500,1.714203
40600,1.725032
40700,1.740212
40800,1.737472
40900,1.750328
41000,1.759477
41100,1.762018
41200,1.774790
41300,1.784813
41400,1.804568
41500,1.812225
41600,1.809122
41700,1.820156
41800,1.826915
41900,1.833320
42000,1.845874
42100,1.855183
42200,1.861525
42300,1.869312
42400,1.877630
42500,1.889757
42600,1.898623
42700,1.911746
42800,1.914401
42900,1.926415
43000,1.926836
43100,1.942418
43200,1.961835
43300,1.970197
43400,1.972496
43500,1.984537
43600,2.000471
43700,1.997477
43800,1.999568
43900,2.019930
44000,2.026476
44100,2.036149
44200,2.041736
44300,2.049343
44400,2.056488
44500,2.069021
44600,2.075539
44700,2.088849
44800,2.109097
44900,2.107269
45000,2.164531
45100,2.129094
45200,2.134081
45300,2.140595
45400,2.165974
45500,2.179504
45600,2.177950
45700,2.187533
45800,2.200118
45900,2.204935
46000,2.207935
46100,2.220698
46200,2.235434
46300,2.246176
46400,2.249615
46500,2.263409
46600,2.272486
46700,2.280596
46800,2.292056
46900,2.311547
47000,2.318071
47100,2.323435
47200,2.332911
47300,2.339019
47400,2.354529
47500,2.355408
47600,2.370000
47700,2.373970
47800,2.389239
47900,2.396231
48000,2.410600
48100,2.429395
48200,2.429590
48300,2.445005
48400,2.455985
48500,2.486984
48600,2.609320
48700,2.494934
48800,2.494310
48900,2.515193
49000,2.516241
49100,2.521746
49200,2.528850
49300,2.540012
49400,2.554855
49500,2.559638
49600,2.567050
49700,2.582351
49800,2.591541
49900,2.604432
50000,2.613707
50100,2.627795
50200,2.649354
50300,2.647927
50400,2.655355
50500,2.665663
50600,2.673747
50700,2.685298
50800,2.700000
50900,2.712344
51000,2.715602
51100,2.725426
51200,2.766925
51300,2.781989
51400,2.773116
51500,2.766070
51600,2.785006
51700,2.791637
51800,2.807355
51900,2.833542
52000,2.828431
52100,2.831994
52200,2.846506
52300,2.859038
52400,2.869146
52500,2.884620
52600,2.890756
52700,2.903138
52800,2.915217
52900,2.924576
53000,2.966387
53100,2.965998
53200,2.963365
53300,2.968126
53400,2.979463
53500,2.996776
53600,3.002102
53700,3.018668
53800,3.028394
53900,3.051692
54000,3.058228
54100,3.060220
54200,3.071276
54300,3.081602
54400,3.094892
54500,3.098286
54600,3.110860
54700,3.148518
54800,3.198514
54900,3.220767
55000,3.328702
55100,3.290590
55200,3.303713
55300,3.414715
55400,3.321719
55500,3.232157
55600,3.340402
55700,3.375322
55800,3.292971
55900,3.276556
56000,3.284088
56100,3.290097
56200,3.339871
56300,3.316303
56400,3.321581
56500,3.342406
56600,3.349657
56700,3.365051
56800,3.373728
56900,3.382611
57000,3.398670
57100,3.405208
57200,3.437833
57300,3.432724
57400,3.441363
57500,3.457317
57600,3.464642
57700,3.481545
57800,3.501999
57900,3.497584
58000,3.521443
58100,3.539889
58200,3.543346
58300,3.555930
58400,3.575971
58500,3.579379
58600,3.590214
58700,3.599090
58800,3.680856
58900,3.626468
59000,3.640716
59100,3.648006
59200,3.680997
59300,3.680435
59400,3.690432
59500,3.700494
59600,3.868035
59700,3.845157
59800,3.906089
59900,3.787558
60000,3.776690
60100,3.801219
60200,3.817370
60300,3.816044
60400,3.827684
60500,3.862819
60600,3.843568
60700,3.848975
60800,3.864951
60900,4.009340
61000,3.923541
61100,3.901918
61200,3.909951
61300,3.937959
61400,3.937967
61500,3.951651
61600,3.965258
61700,3.978030
61800,4.013224
61900,4.012122
62000,4.021681
62100,4.033888
62200,4.043280
62300,4.055886
62400,4.062892
62500,4.089080
62600,4.122984
62700,4.113576
62800,4.149152
62900,4.133523
63000,4.167815
63100,4.167881
63200,4.174340
63300,4.189034
63400,4.212928
63500,4.221856
63600,4.223818
63700,4.242287
63800,4.276382
63900,4.269395
64000,4.286617
64100,4.291894
64200,4.302661
64300,4.312164
64400,4.344305
64500,4.373649
64600,4.372733
64700,4.369042
64800,4.393414
64900,4.407787
65000,4.415752
65100,4.459253
65200,4.463658
65300,4.459865
65400,4.469972
65500,4.486041
65600,4.492779
65700,4.513675
65800,4.516161
65900,4.535735
66000,4.550479
66100,4.560649
66200,4.579558
66300,4.595379
66400,4.614910
66500,4.618598
66600,4.636993
66700,4.645715
66800,4.666706
66900,4.677746
67000,4.691943
67100,4.705344
67200,4.717499
67300,4.734497
67400,4.758770
67500,4.757881
67600,4.767888
67700,4.788479
67800,4.814520
67900,4.819637
68000,4.833472
68100,4.842577
68200,4.857358
68300,4.868472
68400,4.888232
68500,4.903054
68600,4.921100
68700,4.926359
68800,4.938002
68900,4.961972
69000,4.971038
69100,4.991546
69200,5.006156
69300,5.025442
69400,5.041048
69500,5.051059
69600,5.061906
69700,5.099958
69800,5.089844
69900,5.119558
70000,5.121292
70100,5.140571
70200,5.153435
70300,5.159028
70400,5.181295
70500,5.193367
70600,5.205606
70700,5.225983
70800,5.246316
70900,5.246288
71000,5.263678
71100,5.277688
71200,5.294555
71300,5.316172
71400,5.332510
71500,5.339619
71600,5.358507
71700,5.368962
71800,5.405823
71900,5.391707
72000,5.413682
72100,5.431490
72200,5.446402
72300,5.459883
72400,5.472408
72500,5.736841
72600,5.619208
72700,5.553692
72800,5.566037
72900,5.559635
73000,5.574807
73100,5.770792
73200,5.614092
73300,5.639299
73400,5.631762
73500,5.649129
73600,5.666216
73700,5.683599
73800,5.689832
73900,5.739222
74000,5.727071
74100,5.749361
74200,5.760351
74300,5.776272
74400,5.796674
74500,5.847559
74600,5.825789
74700,5.834461
74800,5.845822
74900,5.877435
75000,5.884193
75100,5.900116
75200,5.909842
75300,5.927869
75400,5.952892
75500,5.963548
75600,5.973208
75700,5.995139
75800,6.007286
75900,6.052654
76000,6.046716
76100,6.052964
76200,6.064469
76300,6.078455
76400,6.128797
76500,6.114865
76600,6.125543
76700,6.144904
76800,6.160619
76900,6.243656
77000,6.307927
77100,7.256727
77200,6.471592
77300,7.572341
77400,6.764506
77500,6.618068
77600,6.722394
77700,6.693789
77800,6.328844
77900,6.348376
78000,6.375469
78100,6.374788
78200,6.392271
78300,6.407381
78400,6.428920
78500,6.439904
78600,6.449724
78700,6.478311
78800,6.491536
78900,6.507589
79000,6.600331
79100,6.533976
79200,6.554907
79300,6.588286
79400,6.587845
79500,6.611877
79600,6.631189
79700,6.635684
79800,6.655944
79900,6.670143
80000,6.693885
80100,6.715948
80200,6.724690
80300,6.734848
80400,6.748128
80500,6.765228
80600,6.792613
80700,6.801896
80800,6.815365
80900,6.838334
81000,6.849281
81100,6.871857
81200,6.887385
81300,6.899980
81400,6.916415
81500,6.945267
81600,6.944967
81700,6.977248
81800,6.983895
81900,7.006436
82000,7.021822
82100,7.038712
82200,7.069961
82300,7.076240
82400,7.090739
82500,7.118510
82600,7.130099
82700,7.150799
82800,7.157876
82900,7.180703
83000,7.201097
83100,7.217796
83200,7.232920
83300,7.248394
83400,7.269928
83500,7.274351
83600,7.297413
83700,7.328820
83800,7.328256
83900,7.367227
84000,7.374345
84100,7.387507
84200,7.399926
84300,7.424181
84400,7.440762
84500,7.462852
84600,7.486302
84700,7.499026
84800,7.523388
84900,7.531808
85000,7.553544
85100,7.560685
85200,7.575247
85300,7.596642
85400,7.613840
85500,7.622454
85600,7.647156
85700,7.669714
85800,7.684538
85900,7.714085
86000,7.740729
86100,7.742628
86200,7.765870
86300,7.791407
86400,7.804575
86500,7.808178
86600,7.835778
86700,7.851896
86800,7.869450
86900,7.883973
87000,7.904200
87100,7.917719
87200,7.949594
87300,7.958877
87400,7.981423
87500,7.993442
87600,8.015037
87700,8.029259
87800,8.061784
87900,8.069940
88000,8.094197
88100,8.184753
88200,8.125826
88300,8.147501
88400,8.175212
88500,8.183951
88600,8.213707
88700,8.211703
88800,8.228974
88900,8.262126
89000,8.278402
89100,8.293779
89200,8.303463
89300,8.335393
89400,8.341996
89500,8.357449
89600,8.392129
89700,8.402702
89800,8.424939
89900,8.447731
90000,8.458107
90100,8.471725
90200,8.503305
90300,8.508794
90400,8.536711
90500,8.562327
90600,8.572562
90700,8.589237
90800,8.603797
90900,8.624580
91000,8.653793
91100,8.674627
91200,8.692417
91300,8.717188
91400,8.729156
91500,8.760134
91600,8.771726
91700,8.779656
91800,8.798907
91900,8.829205
92000,8.843464
92100,8.868827
92200,8.879818
92300,8.901934
92400,8.924114
92500,8.948141
92600,8.958899
92700,8.972444
92800,8.997520
92900,9.005586
93000,9.041712
93100,9.055941
93200,9.082644
93300,9.093800
93400,9.129147
93500,9.129331
93600,9.150079
93700,9.177022
93800,9.189307
93900,9.255365
94000,9.240695
94100,9.276074
94200,9.291282
94300,9.298220
94400,9.324817
94500,9.389770
94600,9.360859
94700,9.385981
94800,9.407501
94900,9.274962
95000,9.298058
95100,9.313365
95200,9.325638
95300,9.346620
95400,9.364000
95500,9.386744
95600,9.416000
95700,9.426148
95800,9.448782
95900,9.466504
96000,9.497493
96100,9.505380
96200,9.523289
96300,9.546984
96400,9.561961
96500,9.588801
96600,9.622960
96700,9.636373
96800,9.665956
96900,9.701340
97000,9.697396
97100,9.708443
97200,9.811484
97300,9.751882
97400,9.772504
97500,9.802656
97600,9.824032
97700,9.826177
97800,9.848643
97900,9.883538
98000,9.882657
98100,9.945964
98200,9.929605
98300,9.934645
98400,9.947720
98500,11.157296
98600,11.204375
98700,10.372840
98800,10.635537
98900,10.885484
99000,11.381377
99100,10.621146
99200,10.885790
99300,10.308009
99400,10.344820
99500,10.372868
99600,10.360825
99700,10.385258
99800,10.436804
99900,10.440940
100000,10.444449
